0 0.748547 0.577972 0.070609 0.064361
0 0.333816 0.486021 0.042555 0.046042
0 0.261852 0.486799 0.040422 0.042764
0 0.261891 0.456472 0.035875 0.036278
0 0.283207 0.434417 0.052039 0.041056
0 0.402859 0.416528 0.035875 0.029444
0 0.371844 0.476639 0.038688 0.037722
0 0.431449 0.510410 0.049461 0.066653
0 0.427187 0.571500 0.042500 0.068278
0 0.387215 0.633542 0.077445 0.189306
0 0.733590 0.797625 0.123242 0.184083
0 0.913605 0.577306 0.082945 0.086500
0 0.293238 0.779764 0.072430 0.150000
0 0.321801 0.417250 0.041477 0.034167
0 0.251699 0.551090 0.041086 0.049458
0 0.292254 0.506646 0.039008 0.062097
0 0.328020 0.541375 0.038570 0.062972
0 0.508844 0.566375 0.054641 0.063167
0 0.897281 0.460250 0.070922 0.064389
0 0.301063 0.596229 0.042797 0.074347
0 0.544289 0.733528 0.073797 0.110306
0 0.737738 0.492535 0.051555 0.051847
