0 0.497332 0.481389 0.042758 0.038750
0 0.326355 0.416861 0.034852 0.035861
0 0.762918 0.409319 0.037430 0.050444
0 0.635223 0.557438 0.058961 0.051931
0 0.772852 0.652861 0.078312 0.090583
0 0.814422 0.519597 0.059906 0.057917
0 0.768801 0.568944 0.067367 0.067306
0 0.608117 0.889674 0.110719 0.182292
0 0.275813 0.707993 0.062688 0.101264
0 0.966367 0.709646 0.067266 0.089569
0 0.271941 0.832722 0.080508 0.161889
0 0.686523 0.742688 0.090188 0.116347
0 0.238797 0.409514 0.027281 0.022917
0 0.427613 0.434493 0.041789 0.035931
0 0.397477 0.449361 0.039016 0.033444
0 0.307840 0.470368 0.040039 0.042125
0 0.271980 0.487729 0.040039 0.053208
0 0.236543 0.532972 0.040039 0.053194
0 0.477531 0.611667 0.067750 0.099944
0 0.379738 0.616139 0.059117 0.099944
0 0.456559 0.950951 0.126555 0.098097
0 0.555773 0.460694 0.052672 0.056111
