0 0.390066 0.427951 0.034195 0.028486
0 0.458262 0.470583 0.035336 0.038528
0 0.348762 0.436625 0.031586 0.022694
0 0.323172 0.527340 0.045063 0.075319
0 0.555629 0.460847 0.035242 0.038972
0 0.485961 0.466681 0.033984 0.043111
0 0.835090 0.689382 0.090305 0.084542
0 0.559059 0.775174 0.082117 0.124764
0 0.765852 0.602361 0.068687 0.075500
0 0.825617 0.553174 0.072453 0.071042
0 0.245195 0.468882 0.037844 0.045958
0 0.433551 0.948694 0.123523 0.102611
0 0.324543 0.420847 0.027523 0.026111
0 0.272813 0.409861 0.026875 0.026111
0 0.225078 0.931208 0.115937 0.137583
0 0.282715 0.652715 0.056102 0.099875
0 0.502848 0.649896 0.069930 0.107847
0 0.971797 0.720014 0.056406 0.087472
0 0.627062 0.470250 0.056469 0.047556
0 0.614141 0.505104 0.049219 0.052903
0 0.315453 0.478194 0.041172 0.041111
0 0.384328 0.485278 0.045062 0.051389
0 0.262746 0.544764 0.047992 0.062306
