0 0.785410 0.561993 0.099039 0.095264
0 0.433867 0.934326 0.126016 0.131347
0 0.813523 0.922451 0.155297 0.155097
0 0.774461 0.426410 0.050203 0.048236
0 0.454023 0.524444 0.049609 0.050556
0 0.346586 0.487694 0.045422 0.060722
0 0.266340 0.480069 0.042289 0.054861
0 0.257672 0.550951 0.042469 0.056986
0 0.371516 0.448924 0.043219 0.046458
0 0.405805 0.432667 0.032641 0.027972
0 0.528711 0.726479 0.068359 0.103097
0 0.718422 0.604090 0.064609 0.080347
0 0.850078 0.562396 0.061766 0.079153
0 0.276934 0.604681 0.046836 0.076667
0 0.456922 0.587201 0.055906 0.070347
0 0.591023 0.523118 0.037328 0.045514
0 0.386320 0.626479 0.060344 0.094069
0 0.482926 0.471910 0.041492 0.029542
0 0.575605 0.480167 0.052039 0.051056
0 0.613719 0.476444 0.036594 0.034639
0 0.306184 0.413299 0.020102 0.019597
0 0.482750 0.459958 0.040453 0.051111
0 0.212145 0.398694 0.027898 0.025111
0 0.251770 0.396611 0.029430 0.025111
