0 0.331137 0.483667 0.039461 0.040667
0 0.466484 0.449896 0.041406 0.040486
0 0.344070 0.405465 0.038109 0.026847
0 0.342863 0.423063 0.033961 0.025542
0 0.249574 0.450639 0.037102 0.038556
0 0.467699 0.422750 0.037898 0.026889
0 0.543406 0.459257 0.052750 0.042681
0 0.369398 0.587653 0.046719 0.076750
0 0.443539 0.502944 0.049437 0.066778
0 0.401004 0.677424 0.060992 0.114903
0 0.657918 0.699174 0.088586 0.113542
0 0.544996 0.502125 0.044727 0.050056
0 0.308668 0.521285 0.039961 0.057486
0 0.375859 0.518722 0.047344 0.051611
0 0.665664 0.961042 0.112422 0.077917
0 0.597602 0.826569 0.094047 0.139778
0 0.498109 0.628722 0.066484 0.102194
0 0.766156 0.642278 0.077375 0.085111
0 0.920125 0.651618 0.100234 0.102764
0 0.703902 0.503556 0.056852 0.056694
0 0.628617 0.510549 0.052250 0.047597
0 0.650879 0.573160 0.051320 0.038792
0 0.417852 0.436319 0.039766 0.037639
0 0.257930 0.478264 0.037422 0.053472
0 0.379461 0.476528 0.039859 0.037500
0 0.884711 0.931986 0.170578 0.136028
0 0.531078 0.578125 0.052469 0.059583
