0 0.447281 0.573403 0.053781 0.065833
0 0.589680 0.531076 0.052328 0.051458
0 0.663152 0.476292 0.043758 0.030861
0 0.282738 0.782111 0.078508 0.169556
0 0.936516 0.692208 0.085641 0.076556
0 0.979398 0.580125 0.041125 0.071694
0 0.610254 0.474090 0.050336 0.051625
0 0.397578 0.657521 0.069687 0.137236
0 0.929129 0.608486 0.083602 0.075306
0 0.676910 0.580743 0.062211 0.066819
0 0.522504 0.693181 0.066523 0.116250
0 0.682719 0.721694 0.086203 0.128083
0 0.811191 0.676153 0.085023 0.082917
0 0.896379 0.962799 0.159117 0.074403
0 0.675598 0.963167 0.109273 0.071167
0 0.546391 0.584931 0.071063 0.094583
0 0.329598 0.547507 0.042992 0.061931
0 0.238746 0.523090 0.039227 0.057153
0 0.276242 0.589264 0.041422 0.060083
0 0.285910 0.633319 0.049008 0.061083
0 0.339859 0.494778 0.044656 0.050444
0 0.446352 0.468938 0.035516 0.037125
0 0.499215 0.485236 0.045773 0.052417
0 0.538926 0.440389 0.042539 0.035222
0 0.471078 0.428750 0.051531 0.047500
0 0.391457 0.446681 0.033227 0.033083
0 0.376719 0.422632 0.030516 0.030903
0 0.313973 0.414021 0.030805 0.024458
0 0.262988 0.449062 0.038320 0.041181
0 0.241031 0.465438 0.038313 0.038375
0 0.213641 0.439215 0.037125 0.037319
