0 0.778332 0.646799 0.087617 0.109431
0 0.476270 0.632667 0.059898 0.081889
0 0.700043 0.537701 0.057023 0.058625
0 0.736105 0.518403 0.052773 0.050639
0 0.285625 0.625569 0.053938 0.103528
0 0.616543 0.497646 0.051570 0.059653
0 0.842543 0.615944 0.072773 0.069472
0 0.262273 0.898542 0.121719 0.191667
0 0.552844 0.472118 0.052297 0.055625
0 0.292566 0.503799 0.040148 0.049764
0 0.623305 0.679708 0.078016 0.101861
0 0.438078 0.582187 0.048578 0.062819
0 0.990824 0.642319 0.018023 0.057972
0 0.274898 0.462528 0.036203 0.035611
0 0.328578 0.539292 0.043000 0.063306
0 0.544926 0.583465 0.059680 0.083625
0 0.461621 0.518271 0.054492 0.065708
0 0.378711 0.513590 0.045234 0.057181
0 0.323422 0.446028 0.039156 0.049278
0 0.231211 0.470347 0.035078 0.031528
0 0.238234 0.443736 0.035844 0.031083
0 0.268187 0.437312 0.034719 0.026292
0 0.368563 0.440528 0.025250 0.031000
0 0.403625 0.448778 0.033969 0.032556
0 0.384793 0.483333 0.041617 0.042778
0 0.463555 0.455000 0.036484 0.030000
0 0.514848 0.431181 0.047352 0.041250
0 0.557699 0.458417 0.041195 0.036806
0 0.660414 0.471319 0.050516 0.040139
