0 0.779273 0.545604 0.044672 0.039958
0 0.731742 0.624076 0.072859 0.065375
0 0.205977 0.485924 0.035078 0.058792
0 0.241934 0.468778 0.035117 0.048944
0 0.453164 0.959167 0.119609 0.081667
0 0.368828 0.510625 0.046719 0.050139
0 0.428266 0.501340 0.046719 0.052958
0 0.347973 0.430194 0.038898 0.035722
0 0.439758 0.439792 0.034703 0.037917
0 0.507516 0.443819 0.113937 0.134306
0 0.866848 0.720812 0.096039 0.097514
0 0.620637 0.550562 0.052273 0.055542
0 0.267316 0.539250 0.040164 0.069194
0 0.502387 0.554028 0.049195 0.056472
0 0.659371 0.514181 0.059820 0.047861
0 0.396125 0.691528 0.059344 0.093444
0 0.745027 0.559569 0.055695 0.054778
0 0.560852 0.510090 0.048672 0.048569
0 0.289469 0.501903 0.037484 0.041806
