0 0.774734 0.870417 0.118641 0.148306
0 0.422207 0.546486 0.057539 0.063806
0 0.495934 0.552076 0.054836 0.062208
0 0.677305 0.962361 0.126797 0.075278
0 0.409402 0.675194 0.059086 0.113833
0 0.284801 0.690958 0.060633 0.132806
0 0.340656 0.542938 0.051359 0.061986
0 0.850840 0.694007 0.089523 0.083181
0 0.521508 0.653722 0.071312 0.110250
0 0.267227 0.587076 0.047422 0.076542
0 0.700340 0.598917 0.066695 0.071306
0 0.445121 0.464167 0.037898 0.036667
0 0.485625 0.437583 0.038750 0.038222
0 0.370273 0.411771 0.033719 0.031542
0 0.228797 0.452646 0.041500 0.045292
0 0.311152 0.406819 0.028242 0.028083
0 0.237746 0.520243 0.036805 0.056375
0 0.264098 0.484965 0.040383 0.042431
0 0.456187 0.604014 0.051344 0.077194
0 0.715336 0.513646 0.055375 0.059792
0 0.362117 0.437368 0.034703 0.027514
0 0.313867 0.424174 0.029781 0.023347
0 0.246949 0.907264 0.098727 0.153556
0 0.877773 0.645674 0.082687 0.071264
0 0.576258 0.483083 0.050875 0.052889
