0 0.320969 0.476486 0.041000 0.040194
0 0.346547 0.435604 0.022625 0.027319
0 0.388348 0.431840 0.031383 0.030069
0 0.570586 0.521083 0.048516 0.042333
0 0.653617 0.445847 0.124578 0.107250
0 0.256980 0.548958 0.038070 0.070139
0 0.955594 0.604542 0.060469 0.071000
0 0.565293 0.478840 0.051898 0.052153
0 0.682031 0.497563 0.052500 0.052875
0 0.800590 0.506889 0.063258 0.047667
0 0.778430 0.655236 0.084578 0.071583
0 0.332496 0.536979 0.043039 0.062375
0 0.301055 0.650069 0.051656 0.093056
0 0.424316 0.566549 0.052336 0.080403
0 0.821996 0.559021 0.068773 0.055764
0 0.709703 0.551840 0.060687 0.062014
0 0.628336 0.867340 0.120734 0.156347
0 0.254406 0.944451 0.100734 0.111097
0 0.470426 0.970514 0.100727 0.058972
0 0.374012 0.509917 0.045523 0.055667
0 0.503453 0.424861 0.109563 0.088056
0 0.274773 0.492833 0.042203 0.042333
