0 0.859504 0.942903 0.119898 0.107472
0 0.860078 0.709743 0.104531 0.094486
0 0.663789 0.523396 0.052422 0.042069
0 0.333477 0.427083 0.030234 0.026667
0 0.632660 0.562924 0.051570 0.047792
0 0.982543 0.642000 0.034461 0.099056
0 0.273965 0.839493 0.085648 0.135764
0 0.507133 0.464465 0.040359 0.037986
0 0.423809 0.421687 0.037070 0.034153
0 0.382117 0.624201 0.050766 0.077236
0 0.239656 0.521167 0.040266 0.063167
0 0.307414 0.529340 0.047016 0.072653
0 0.342187 0.412014 0.026406 0.021528
0 0.234512 0.398903 0.021445 0.021083
0 0.253684 0.405903 0.030555 0.030583
0 0.295254 0.466139 0.041945 0.041000
0 0.344301 0.488819 0.043117 0.043750
0 0.568688 0.449278 0.044000 0.042639
0 0.561484 0.489583 0.045781 0.041667
0 0.596820 0.643583 0.074344 0.096528
0 0.433934 0.897514 0.102742 0.200472
0 0.830715 0.612056 0.071617 0.062139
