0 0.969688 0.722431 0.060625 0.127361
0 0.532348 0.674667 0.070008 0.105194
0 0.447813 0.457743 0.046500 0.048264
0 0.499820 0.556868 0.065250 0.073042
0 0.285938 0.404444 0.027187 0.021111
0 0.340176 0.542507 0.040086 0.062764
0 0.289023 0.600799 0.079297 0.169653
0 0.352375 0.470951 0.048797 0.066292
0 0.623223 0.499549 0.057695 0.053181
0 0.489605 0.462472 0.042336 0.040222
0 0.838301 0.619882 0.091758 0.080875
0 0.594199 0.531590 0.047070 0.054847
0 0.249750 0.518778 0.048156 0.073667
0 0.722699 0.548438 0.064523 0.070153
0 0.254043 0.458014 0.035742 0.039361
0 0.244703 0.431639 0.040031 0.039389
0 0.324844 0.417986 0.029531 0.028194
0 0.363941 0.437222 0.034883 0.033000
0 0.431691 0.424424 0.034883 0.032986
0 0.514535 0.437688 0.049070 0.042958
0 0.440617 0.581764 0.052109 0.067083
0 0.833555 0.553951 0.080391 0.078458
